N=1000
f0=0.0125
fl=0.000125
repetitions=200
steps=100000000
rho=[0.0, 0.1, 0.5, 1.0, 2.0]
nu=0.001
l_0=15
N=1000
f0=0.0125
fl=0.000125
repetitions=200
steps=100000000
rho=[0.0, 0.1, 0.5, 1.0, 2.0]
nu=0.001
l_0=15
