N=100
f0=0.25
fl=0.006999999999999999
repetitions=500
steps=100000000
rho=[0.0, 0.1, 0.5, 1.0, 2.0, 5.0]
nu=0.01
l_0=10
N=100
f0=0.25
fl=0.006999999999999999
repetitions=500
steps=100000000
rho=[0.0, 0.1, 0.5, 1.0, 2.0, 5.0]
nu=0.01
l_0=10
